1000 1000
9809 5861 30029 20954 31834 1556 12323 29554 24450 18955 19504 22194 16843 26710 26147 23966 5368 1078 27271 32674 31639 23447 28395 20006 2879 4162 9792 10083 1047 4436 29826 2933 8599 14575 26011 18353 26771 29231 2948 27704 5749 31584 1965 16332 5578 6254 17311 9699 7168 18844 7392 11002 21613 23161 2070 11052 15508 23825 28528 18179 5540 25952 20546 6798 3906 6412 23535 27316 3976 26451 8204 15559 15438 32065 31170 3165 10664 18983 22644 4955 20911 10314 5026 22610 14725 32216 22542 30479 26515 27168 28701 22381 3861 21249 27519 18030 5337 26275 27154 9610 20803 25958 3588 9287 13205 18456 22841 14346 10861 5739 31212 17965 30096 422 19096 13393 17637 6042 2329 21238 18629 8664 2318 22089 6002 1313 25987 20796 3044 13598 30157 26332 460 4177 2484 9696 4819 14412 12504 17021 14626 14881 4429 8834 31528 6937 4489 28576 1175 7593 22912 9225 20656 21153 28429 17726 18881 19111 29076 16673 492 31716 14566 8530 26921 12285 23396 2232 9358 3653 24424 12126 27343 5681 7136 20609 2561 7692 3132 16103 31395 10731 7051 4978 9182 12004 10976 10740 13580 5755 22267 24645 14456 5725 16677 19347 17252 12369 24412 22522 26449 28267 6064 1620 18554 12162 10989 15443 32162 6117 12922 23245 7439 31306 13697 3670 6871 19719 6480 3604 23642 32645 28928 15567 9488 17393 28756 24648 16517 8500 1507 25292 3489 24870 24698 21256 20269 12030 25532 5663 26003 31246 20491 32762 21989 28845 8620 17888 16929 10100 27429 32582 14004 16557 12010 10472 28988 10248 31801 24088 1170 13968 21315 15446 32264 21214 5260 9506 28655 24972 32660 21006 1373 6637 1207 28439 813 4859 28242 12085 23110 7313 9511 3889 12065 14555 5123 15031 31365 18954 28318 18348 10133 18508 24514 15297 21261 5115 25263 4169 4041 14356 19391 10312 21639 12524 17478 27852 30445 2846 15804 896 22478 28360 8222 21374 9385 27383 14225 19557 21106 5471 9545 9131 13717 21072 22441 31797 23353 22757 19883 11301 1985 18303 10627 5364 32409 23665 22143 16832 30511 9981 17970 16359 25407 17536 2257 26068 27220 32233 17629 31769 16012 22895 20994 31934 11931 29828 31552 23769 6418 14852 11336 5215 9442 18611 3625 22586 25371 7654 22315 15004 15866 22656 20987 9618 22819 10272 24585 25564 18219 15513 31535 11260 14425 18851 31379 24973 1710 29392 7886 214 17186 13249 10574 26783 10289 6297 760 30275 5526 23218 13842 10247 31063 13711 16225 14762 18945 2066 31374 28478 30261 5615 11727 566 28003 32097 30915 25791 9686 13596 10909 20308 17393 9858 17284 19596 18104 14361 9530 14135 23954 23613 14076 24234 19276 30738 170 17751 31330 14013 296 11681 9850 7380 17412 26862 16178 28690 31321 7421 26651 18256 6899 29562 14853 22192 19891 26575 10622 19484 9781 10046 13973 20463 29105 14124 18916 32241 7199 21952 25293 27273 28831 18605 31491 2094 14615 3660 17228 287 286 9454 7558 22868 25 23664 30696 27828 28323 26128 28043 7560 19251 5758 20521 18224 20984 3639 32548 18708 11272 15374 12234 15838 6586 28171 2775 13031 7248 25721 17211 29678 25306 6971 2590 16144 32343 15711 1058 29940 8476 30454 9192 6471 28026 6434 3541 14184 6043 17520 26902 32612 24237 3432 16865 12068 8514 20323 24830 7141 4343 8605 15495 28649 18772 8843 26092 28780 19956 3439 6457 24538 13286 20009 20892 20543 31314 1872 1826 31231 22112 16001 31169 27335 30293 8951 11675 8387 0 8796 31873 26130 20052 16351 24758 119 12886 24967 23798 2385 15162 1991 9655 461 18888 9042 28591 30554 29445 32048 1942 19549 30224 25874 5933 31014 18762 6627 15231 22819 697 8351 20583 22612 8111 32104 5458 5375 28582 727 3910 18853 9839 11152 19492 4916 22924 12825 27434 26494 27866 23276 3771 20458 12915 9418 7011 15466 16850 21331 26646 685 19000 2004 17336 23957 25679 23648 29667 235 9997 13602 4324 5458 988 15345 25350 12409 11768 14885 9492 7573 4376 17577 20505 2575 6992 28242 21610 27257 24118 29807 25574 11207 19268 6562 12669 1212 3965 8942 18927 31650 21075 11024 27094 29758 23497 16403 29927 23043 26069 32543 29301 14982 7432 8850 13110 25650 5232 13905 1098 23869 12478 26209 4985 18138 20132 7089 26813 177 10369 23354 6400 8332 16192 6986 5670 4691 19069 797 16462 29754 29674 18606 7253 825 25074 8396 21404 11197 21916 30064 24844 4765 24497 22094 3927 10831 28961 22442 11392 10332 19107 21357 5789 28433 3996 16504 1500 16247 66 5176 14276 18310 7937 25211 24509 24726 17694 12162 211 4630 27290 10327 5303 11392 9561 13665 9222 4236 9091 6965 13262 30373 9515 7599 11343 19097 14638 22850 7422 28564 16734 18060 464 79 480 7213 28084 24453 16339 730 15969 11431 13106 20397 15699 28880 20476 14527 21008 6139 10898 14329 10672 2676 31584 4135 30620 31372 1471 10318 13206 14993 26138 12608 30970 12029 2896 18797 27459 12526 24410 4860 17360 29910 25390 28699 27881 18804 16867 22931 19965 17155 7957 927 11565 9905 9355 17662 18959 10834 4887 29767 5547 23638 23230 12157 11210 18424 32281 16867 29041 10681 17659 7185 31912 18445 597 4680 10623 17492 29014 21763 83 30731 28118 22478 20814 12868 3060 6747 10541 26963 21246 2003 838 13515 8082 24682 23753 9129 28931 24886 3398 17102 9726 7745 2159 26547 27758 17117 27936 4952 26780 11319 1436 381 22427 4655 7450 14357 12515 12903 20096 11000 2876 12698 12398 18392 18654 10032 638 32374 20182 1807 16330 6421 19371 23987 15023 31023 20802 4737 9681 3176 17919 9304 11871 3520 28973 5226 2969 26380 9888 29514 10127 18087 21912 17477 17707 15717 32489 10998 18289 30920 22105 5909 32262 28023 4938 25232 6895 1515 13465 5597 13724 10604 15301 18062 32549 12092 9044 17446 3027 4626 5234 1835 21986 30665 8156 5756 23941 24922 32252 22245 2603 5896 6741 30961 12545 9434 28194 30975 25784 31566 28218 26008 29320 2124 4151 24576 12405 23641 10967 2827 209 12301 13731 23602 12034 24007 11214 742 2437 9119 5727 23077 
60 896 404
19 863 728
57 885 280
45 835 653
86 876 463
72 891 664
73 810 559
28 805 18
79 851 31
69 862 615
55 805 308
47 836 522
94 895 93
75 886 182
95 882 129
45 855 315
68 806 66
88 854 163
6 801 179
36 878 371
42 894 742
18 890 758
60 814 659
86 874 678
4 842 366
89 876 558
89 846 483
7 823 273
95 856 711
2 803 469
14 843 377
8 875 747
14 892 627
89 830 61
35 890 718
66 893 703
11 861 482
12 827 424
79 893 225
80 874 202
89 835 95
76 809 57
78 804 35
2 887 760
67 814 140
43 831 219
6 811 275
95 807 65
24 842 462
32 823 66
8 875 10
89 810 590
29 838 622
55 882 764
45 829 564
23 875 185
47 840 398
49 840 555
25 801 715
54 818 708
57 897 823
27 898 553
54 895 706
20 813 754
45 801 407
12 883 580
45 826 21
58 801 445
83 823 141
92 812 492
97 862 466
40 803 272
97 867 514
11 824 312
76 881 469
66 825 345
94 855 380
27 807 625
42 836 493
32 893 733
56 847 627
9 838 264
83 876 145
90 836 478
68 863 409
10 874 619
17 898 36
78 867 650
96 879 345
53 824 761
31 841 306
34 825 341
66 872 187
95 845 57
40 839 539
17 898 278
92 816 5
94 814 63
63 809 45
77 834 196
74 885 27
42 806 672
21 877 847
74 869 732
5 886 826
26 891 483
72 810 722
5 866 579
26 831 47
38 818 718
95 850 705
71 854 695
1 821 274
97 886 240
10 847 502
18 822 103
6 840 153
49 824 517
13 817 625
20 864 598
100 888 553
41 888 619
47 851 804
88 842 622
96 891 461
15 862 456
55 887 99
63 885 685
24 845 425
14 866 262
33 844 4
92 888 102
70 803 320
45 865 570
66 874 109
46 815 90
39 881 699
13 842 769
90 893 43
28 818 697
64 818 73
12 800 114
82 851 599
53 897 661
90 882 181
43 828 686
34 826 223
66 862 170
65 810 177
74 818 213
87 826 261
45 846 294
34 886 445
25 899 38
81 809 725
36 883 236
37 896 734
49 862 393
44 892 220
17 802 428
2 875 571
55 824 358
4 861 424
59 848 741
33 899 407
77 805 460
29 829 149
21 826 262
24 827 495
72 816 38
27 885 338
98 806 334
88 823 599
77 845 609
34 880 430
57 802 665
85 856 274
3 872 51
38 836 614
82 832 242
15 808 603
35 805 191
18 837 299
84 895 70
4 899 691
93 875 31
50 852 33
45 852 236
55 859 105
55 821 533
29 880 323
4 813 107
16 879 617
47 816 507
95 849 207
77 813 606
37 858 740
2 837 730
32 859 759
63 885 248
76 809 265
11 870 670
46 834 707
56 841 516
18 855 128
17 808 709
40 818 202
57 818 532
4 891 116
72 870 680
10 893 322
88 890 275
1 839 555
78 825 86
67 838 327
34 833 698
40 807 152
5 838 506
1 873 104
99 835 232
63 857 519
11 843 337
28 852 487
51 819 696
50 876 802
21 818 631
58 817 643
99 843 235
68 867 467
44 802 540
46 818 39
67 848 157
43 898 320
10 800 671
15 844 417
97 855 113
90 885 88
72 810 41
38 883 14
61 828 495
97 848 732
24 854 626
71 837 300
63 822 162
47 871 729
37 881 83
84 853 707
55 883 514
3 840 171
61 861 314
54 886 166
100 874 321
48 861 726
55 892 824
41 885 681
47 855 296
18 835 70
17 882 46
54 835 29
56 810 250
87 812 242
51 801 151
31 807 195
93 839 532
64 815 137
25 818 462
6 811 694
59 833 646
80 854 587
42 827 317
90 809 369
10 856 464
73 839 478
34 864 762
47 800 124
97 863 594
89 839 298
6 875 367
72 855 40
42 806 342
81 871 650
73 859 619
66 801 140
29 865 146
80 877 755
13 827 570
50 826 415
47 861 393
94 843 243
51 839 615
42 829 746
65 811 253
69 841 161
92 859 596
100 895 538
3 855 496
9 860 735
53 844 458
92 887 239
2 846 429
47 865 800
83 867 125
76 826 310
76 858 459
39 887 530
22 819 530
69 834 731
95 802 694
75 808 174
100 897 200
51 814 10
87 829 225
90 831 404
22 826 71
28 880 708
85 886 597
5 874 343
71 837 628
33 830 352
76 814 623
47 833 258
79 898 383
86 813 284
89 861 445
4 871 656
29 839 63
84 828 114
54 859 464
76 848 399
60 809 689
84 848 124
63 818 557
24 855 45
8 866 791
26 816 502
30 863 413
94 836 542
45 852 188
34 819 75
48 814 163
96 877 307
90 836 645
66 815 599
15 820 408
9 889 783
98 832 521
68 881 782
13 875 168
12 822 183
36 870 95
13 863 581
54 893 681
10 820 407
29 847 531
55 829 200
9 897 250
18 886 240
79 824 541
67 891 462
73 851 20
22 847 89
59 826 133
63 830 360
66 825 568
27 827 253
87 851 699
62 826 14
41 834 255
1 844 227
5 871 40
12 823 760
25 891 463
89 811 326
10 876 846
44 847 430
86 879 33
44 840 100
99 831 408
87 815 377
12 883 31
5 825 540
76 838 307
71 828 384
32 814 565
72 837 410
6 850 128
16 876 103
89 870 284
24 897 460
23 893 343
90 881 173
82 804 599
66 806 718
35 884 45
79 889 165
78 800 634
12 882 386
82 883 766
23 880 324
80 808 48
14 880 344
39 800 360
74 806 662
81 817 552
2 842 508
15 825 706
65 809 607
87 883 491
61 854 353
27 813 213
20 885 442
92 819 273
64 846 111
79 845 410
6 837 781
30 830 168
88 832 470
84 851 701
77 874 624
4 856 371
42 885 346
55 823 95
76 829 658
37 857 415
94 821 76
42 848 667
18 810 305
88 858 709
83 820 396
11 814 517
34 877 604
16 852 204
19 839 742
31 834 321
60 853 307
85 861 520
63 897 720
81 858 698
66 868 505
75 803 521
89 887 778
64 818 687
35 885 170
45 842 544
80 822 65
93 826 75
2 873 858
33 828 180
40 868 45
84 837 197
83 834 159
83 883 130
4 861 285
37 882 174
69 810 134
27 854 531
44 839 137
18 865 73
36 827 480
95 872 211
51 872 499
84 824 645
6 891 678
81 842 24
92 819 229
2 887 500
51 802 674
89 874 553
76 836 573
80 809 181
34 806 435
37 820 550
20 844 50
92 800 300
44 834 753
85 864 702
91 817 717
22 843 330
32 898 392
57 800 141
38 890 89
31 810 20
44 862 580
33 832 16
85 870 684
15 870 34
70 806 405
72 808 370
58 821 363
98 858 578
28 806 295
52 829 394
45 839 116
99 857 668
39 833 362
74 886 708
79 844 220
78 813 620
94 854 443
24 864 130
88 856 761
36 804 595
9 806 22
26 880 212
37 877 663
41 885 262
56 872 236
65 821 99
43 862 341
94 850 54
86 843 409
18 843 805
52 857 271
87 812 347
79 817 39
47 870 499
43 855 81
27 810 754
26 808 272
59 869 744
98 811 518
97 894 768
22 833 805
23 805 574
2 816 121
82 816 355
49 824 321
27 865 288
79 847 613
33 845 745
5 830 9
74 860 263
96 849 435
2 868 318
87 895 496
62 838 146
22 853 130
10 815 377
86 831 392
95 898 374
97 885 643
29 800 52
11 817 629
62 852 174
83 882 194
30 832 277
37 815 620
32 817 492
76 825 595
4 891 700
77 876 143
5 892 338
93 836 375
69 886 453
82 854 514
59 832 82
35 800 238
12 867 326
77 890 686
6 862 427
87 848 412
73 895 552
41 877 792
72 841 162
5 838 603
16 852 619
13 875 318
96 811 369
81 893 630
6 808 185
19 835 426
99 834 531
89 852 451
4 804 597
4 834 368
4 831 666
58 856 667
70 806 380
44 833 785
77 846 362
29 888 655
29 898 305
11 882 16
61 830 128
98 804 193
9 894 38
13 835 813
88 891 301
39 887 142
28 836 495
46 868 323
4 829 771
64 846 74
84 819 632
89 862 165
98 807 423
64 816 656
79 838 600
90 817 575
44 861 522
19 860 402
79 829 588
6 832 583
81 890 460
70 852 500
17 840 70
83 815 673
90 816 485
99 820 576
65 845 146
23 801 299
22 852 823
58 883 553
84 837 67
73 838 296
44 845 411
99 840 186
85 818 289
85 870 115
91 817 377
85 868 506
92 844 408
1 866 199
20 891 296
30 822 582
56 884 226
45 883 335
47 879 496
36 870 182
48 864 144
35 805 45
56 879 457
32 839 411
84 849 357
7 891 154
96 808 363
66 851 50
61 874 297
19 888 695
64 816 75
56 866 697
5 839 642
2 876 579
86 879 87
30 850 682
32 816 572
26 828 486
70 864 571
70 816 512
73 805 724
77 874 499
32 834 73
56 803 43
91 842 7
72 832 416
79 871 208
65 843 101
23 871 785
6 855 747
32 828 275
28 857 270
65 868 350
91 859 68
13 897 251
80 826 702
49 858 287
46 806 618
12 890 13
83 837 76
49 803 483
68 826 451
72 806 407
10 897 447
96 890 251
82 870 704
37 896 709
59 827 150
69 833 183
87 844 70
86 888 747
88 823 494
89 817 33
62 886 237
86 883 398
13 853 636
69 808 63
9 891 346
8 865 640
44 854 345
56 805 495
3 821 746
13 814 235
23 897 91
3 880 728
14 844 504
30 815 504
82 868 26
46 886 15
88 898 52
82 820 102
70 838 348
55 887 50
43 871 575
19 803 635
65 802 595
81 811 598
30 824 607
97 854 485
67 815 32
7 818 150
59 886 737
36 883 615
53 830 137
25 820 749
58 840 166
14 859 575
28 842 110
58 880 612
52 873 146
33 806 96
41 886 392
35 851 746
8 847 682
33 818 89
18 877 236
91 824 139
20 894 323
17 838 598
55 893 775
51 874 617
32 876 623
10 836 255
91 809 141
41 846 67
39 872 212
83 853 71
25 852 401
8 894 676
51 828 182
31 825 705
91 889 633
54 893 373
30 894 599
69 823 326
61 892 234
45 831 164
48 823 331
92 878 357
85 857 141
50 860 220
87 816 408
10 829 360
18 816 726
80 892 600
93 824 227
84 803 416
21 882 484
12 890 430
74 854 664
54 838 552
76 814 49
85 846 443
14 838 476
75 896 506
49 806 516
25 828 110
40 890 624
4 879 720
18 800 79
1 806 700
83 835 209
58 802 350
11 811 517
6 876 22
44 816 402
29 816 632
35 810 64
53 810 304
89 811 262
43 873 106
47 823 93
29 842 1
60 830 73
32 870 484
72 872 431
87 887 667
67 864 104
7 889 688
52 895 166
41 825 712
27 808 301
86 857 377
15 891 296
70 898 724
7 810 717
46 880 114
98 818 524
21 840 666
15 856 184
22 870 433
35 813 295
60 865 194
40 890 253
8 863 224
83 885 11
52 812 260
62 809 95
91 873 266
29 804 251
30 861 224
36 876 527
75 867 47
88 891 168
100 818 586
67 805 44
87 873 490
55 861 386
56 871 2
9 839 453
26 848 205
6 869 156
12 804 509
88 817 361
20 877 809
40 899 4
7 841 459
54 806 79
34 850 712
32 865 571
96 823 310
55 809 493
8 852 782
29 844 660
89 893 312
70 824 186
61 875 113
78 808 581
2 808 477
67 863 497
32 874 335
89 873 275
94 899 410
49 810 504
77 832 178
90 818 484
57 806 353
90 864 532
94 847 481
86 812 437
63 825 38
36 878 578
12 873 81
61 883 218
48 800 653
11 843 56
2 845 756
77 863 704
69 897 591
99 864 491
40 824 455
92 866 347
42 841 470
68 863 307
98 888 708
80 888 130
68 895 570
87 860 129
50 887 764
77 816 546
25 802 12
27 852 592
60 871 591
24 865 181
38 853 620
60 866 458
21 897 309
86 856 636
25 852 679
99 874 447
10 875 710
43 896 616
92 877 586
31 831 51
54 839 570
35 886 96
29 845 288
10 828 159
1 850 616
84 890 348
70 832 109
91 815 376
75 805 163
98 874 165
7 890 757
19 873 188
65 810 190
32 866 95
17 887 112
81 880 691
19 873 415
41 868 285
82 888 473
31 818 589
82 853 100
37 881 470
99 895 371
70 814 202
26 809 468
84 820 124
45 898 713
49 845 176
18 874 87
64 838 686
99 831 245
18 875 202
55 847 680
93 893 128
95 834 474
84 818 177
28 810 562
10 805 80
64 891 172
49 842 599
100 886 69
14 872 93
31 858 655
87 899 132
9 887 415
21 838 412
97 829 2
39 823 699
63 856 343
3 897 234
19 891 782
86 811 257
2 806 96
62 833 508
15 841 211
46 823 6
97 800 188
99 894 333
87 814 418
17 824 208
71 863 367
18 841 662
49 835 623
53 846 296
68 880 301
47 881 814
74 889 520
18 835 103
84 856 771
3 876 550
13 830 697
61 859 653
59 810 363
79 877 518
46 860 427
76 809 315
65 857 220
78 851 670
6 824 344
58 885 36
58 812 700
50 862 76
82 867 736
20 858 264
61 829 347
21 884 482
72 855 156
64 814 212
49 826 180
1 863 162
45 829 449
98 867 739
53 866 260
33 862 97
44 816 177
33 833 738
93 810 62
49 830 308
50 828 5
47 874 40
44 877 216
67 826 181
55 884 61
51 833 140
79 805 243
83 837 666
72 810 458
74 846 207
66 831 298
64 802 5
57 857 189
97 882 289
66 842 467
73 860 528
65 828 416
50 886 224
63 815 10
